0
2
84.9283
41.8031
0.3
0
50
25
1
16
0
2
84.9283
41.8031
0.3
0
50.19
25
1
16
0
2
84.9283
41.8031
0.3
0
50.58
25
1
16
0
2
84.9283
41.8031
0.3
0
51.08
25
1
16
0
2
84.9283
41.8031
0.3
0
51.58
25
1
16
0
2
84.9283
41.8031
0.3
0
52.08
25
1
16
0
2
84.9283
41.8031
0.3
0
52.58
25
1
16
0
2
84.9283
41.8031
0.3
0
53.08
25
1
16
0
2
84.9283
41.8031
0.3
0
53.58
25
1
16
0
3
84.9283
41.8031
0.3
0
79.7695
-0.718395
0.3
0
54.08
25
1
16
0
3
79.7695
-0.718395
0.3
0
84.9283
41.8031
0.3
0
54.58
25
1
16
0
3
79.7695
-0.718395
0.3
0
84.9283
41.8031
0.3
0
55.08
25
1
16
0
3
79.7695
-0.718395
0.3
0
84.9283
41.8031
0.3
0
55.58
25
1
16
0
3
79.7695
-0.718395
0.3
0
84.9283
41.8031
0.3
0
56.08
25
1
16
0
3
79.7695
-0.718395
0.3
0
84.9283
41.8031
0.3
0
56.58
25
1
16
0
3
79.7695
-0.718395
0.3
0
84.9283
41.8031
0.3
0
57.08
25
1
16
0
3
79.7695
-0.718395
0.3
0
84.9283
41.8031
0.3
0
57.58
25
1
16
0
3
79.7695
-0.718395
0.3
0
84.9283
41.8031
0.3
0
58.08
25
1
16
0
4
79.7695
-0.718395
0.3
0
84.9283
41.8031
0.3
0
61.7239
15.6617
0.3
0
58.58
25
1
16
0
4
61.7239
15.6617
0.3
0
79.7695
-0.718395
0.3
0
84.9283
41.8031
0.3
0
59.08
25
1
16
0
4
61.7239
15.6617
0.3
0
79.7695
-0.718395
0.3
0
84.9283
41.8031
0.3
0
59.58
25
1
16
0
4
61.7239
15.6617
0.3
0
79.7695
-0.718395
0.3
0
84.9283
41.8031
0.3
0
60.08
25
1
16
0
4
61.7239
15.6617
0.3
0
79.7695
-0.718395
0.3
0
84.9283
41.8031
0.3
0
60.58
25
1
16
0
4
61.7239
15.6617
0.3
0
79.7695
-0.718395
0.3
0
84.9283
41.8031
0.3
0
61.08
25
1
16
0
4
61.7239
15.6617
0.3
0
79.7695
-0.718395
0.3
0
84.9283
41.8031
0.3
0
61.58
25
1
16
0
4
61.7239
15.6617
0.3
0
79.7695
-0.718395
0.3
0
84.8316
41.732
0.3
0
62.08
25
1
16
0
4
61.7239
15.6617
0.3
0
79.7695
-0.718395
0.3
0
84.7357
41.6599
0.3
0
62.58
25
1
16
0
5
61.7239
15.6617
0.3
0
79.7695
-0.718395
0.3
0
84.6406
41.5868
0.3
0
52.0237
20.2081
0.3
0
63.08
25
1
16
0
5
52.0237
20.2081
0.3
0
61.7239
15.6617
0.3
0
79.7695
-0.718395
0.3
0
84.5463
41.5125
0.3
0
63.58
25
1
16
0
5
52.0237
20.2081
0.3
0
61.7239
15.6617
0.3
0
79.7695
-0.718395
0.3
0
84.4529
41.4372
0.3
0
64.08
25
1
16
0
5
52.0237
20.2081
0.3
0
61.7239
15.6617
0.3
0
79.7695
-0.718395
0.3
0
84.3605
41.3607
0.3
0
64.58
25
1
16
0
5
52.0237
20.2081
0.3
0
61.7239
15.6617
0.3
0
79.7695
-0.718395
0.3
0
84.269
41.283
0.3
0
65.08
25
1
16
0
5
52.0237
20.2081
0.3
0
61.7239
15.6617
0.3
0
79.7695
-0.718395
0.3
0
84.1785
41.2042
0.3
0
65.58
25
1
16
0
5
52.0237
20.2081
0.3
0
61.7239
15.6617
0.3
0
79.7695
-0.718395
0.3
0
84.0891
41.1242
0.3
0
66.08
25
1
16
0
5
52.0237
20.2081
0.3
0
61.7239
15.6617
0.3
0
79.7148
-0.611618
0.3
0
84.0008
41.0429
0.3
0
66.58
25
1
16
0
5
52.0237
20.2081
0.3
0
61.7239
15.6617
0.3
0
79.6617
-0.504001
0.3
0
83.9137
40.9603
0.3
0
67.08
25
1
16
0
6
52.0237
20.2081
0.3
0
61.7239
15.6617
0.3
0
79.6103
-0.395554
0.3
0
83.8279
40.8764
0.3
0
93.4991
13.848
0.3
0
67.58
25
1
16
0
6
52.0237
20.2081
0.3
0
61.7239
15.6617
0.3
0
79.5607
-0.286288
0.3
0
83.7434
40.7912
0.3
0
93.4991
13.848
0.3
0
68.08
25
1
16
0
6
52.0237
20.2081
0.3
0
61.7239
15.6617
0.3
0
79.5129
-0.176219
0.3
0
83.6603
40.7047
0.3
0
93.4991
13.848
0.3
0
68.58
25
1
16
0
6
52.0237
20.2081
0.3
0
61.7239
15.6617
0.3
0
79.467
-0.0653604
0.3
0
83.5786
40.6167
0.3
0
93.4991
13.848
0.3
0
69.08
25
1
16
0
6
52.0237
20.2081
0.3
0
61.7239
15.6617
0.3
0
79.4229
0.0462692
0.3
0
83.4985
40.5274
0.3
0
93.4991
13.848
0.3
0
69.58
25
1
16
0
6
52.0237
20.2081
0.3
0
61.7239
15.6617
0.3
0
79.3809
0.158651
0.3
0
83.4201
40.4366
0.3
0
93.4991
13.848
0.3
0
70.08
25
1
16
0
6
52.0237
20.2081
0.3
0
61.7239
15.6617
0.3
0
79.3408
0.271762
0.3
0
83.3433
40.3443
0.3
0
93.4991
13.848
0.3
0
70.58
25
1
16
0
6
52.0237
20.2081
0.3
0
61.8088
15.7465
0.3
0
79.3028
0.385579
0.3
0
83.2684
40.2506
0.3
0
93.4991
13.848
0.3
0
71.08
25
1
16
0
6
52.0237
20.2081
0.3
0
61.8959
15.829
0.3
0
79.2668
0.500076
0.3
0
83.1954
40.1553
0.3
0
93.4991
13.848
0.3
0
71.58
25
1
16
0
6
52.0237
20.2081
0.3
0
61.9851
15.9093
0.3
0
79.2331
0.615224
0.3
0
83.1244
40.0586
0.3
0
93.4991
13.848
0.3
0
72.08
25
1
16
0
7
52.0237
20.2081
0.3
0
62.0762
15.9875
0.3
0
79.2015
0.730992
0.3
0
83.0556
39.9603
0.3
0
93.4991
13.848
0.3
0
99.6768
20.6171
0.3
0
72.58
25
1
16
0
7
52.0237
20.2081
0.3
0
62.169
16.0635
0.3
0
79.1721
0.847348
0.3
0
82.989
39.8605
0.3
0
93.4991
13.848
0.3
0
99.6768
20.6171
0.3
0
73.08
25
1
16
0
7
52.0237
20.2081
0.3
0
62.2635
16.1375
0.3
0
79.1451
0.964255
0.3
0
82.9248
39.7591
0.3
0
93.4991
13.848
0.3
0
99.6768
20.6171
0.3
0
73.58
25
1
16
0
7
52.0237
20.2081
0.3
0
62.3595
16.2095
0.3
0
79.1203
1.08168
0.3
0
82.8632
39.6561
0.3
0
93.4991
13.848
0.3
0
99.6768
20.6171
0.3
0
74.08
25
1
16
0
7
52.0237
20.2081
0.3
0
62.4569
16.2796
0.3
0
79.0979
1.19957
0.3
0
82.8041
39.5517
0.3
0
93.4991
13.848
0.3
0
99.6768
20.6171
0.3
0
74.58
25
1
16
0
7
52.0237
20.2081
0.3
0
62.5556
16.3478
0.3
0
79.078
1.3179
0.3
0
82.7479
39.4457
0.3
0
93.4991
13.848
0.3
0
99.6768
20.6171
0.3
0
75.08
25
1
16
0
7
52.1413
20.232
0.3
0
62.6556
16.4142
0.3
0
79.0604
1.43661
0.3
0
82.6945
39.3382
0.3
0
93.4991
13.848
0.3
0
99.6768
20.6171
0.3
0
75.58
25
1
16
0
7
52.259
20.2554
0.3
0
62.7567
16.4788
0.3
0
79.0454
1.55566
0.3
0
82.6442
39.2292
0.3
0
93.4991
13.848
0.3
0
99.6768
20.6171
0.3
0
76.08
25
1
16
0
7
52.3767
20.2784
0.3
0
62.8588
16.5418
0.3
0
79.0328
1.675
0.3
0
82.5972
39.1188
0.3
0
93.4991
13.848
0.3
0
99.6768
20.6171
0.3
0
76.58
25
1
16
0
8
52.4946
20.3009
0.3
0
62.962
16.6031
0.3
0
79.0228
1.79458
0.3
0
82.5535
39.007
0.3
0
93.4991
13.848
0.3
0
99.6768
20.6171
0.3
0
52.6219
9.42639
0.3
0
77.08
25
1
16
0
8
52.6125
20.323
0.3
0
52.6219
9.42639
0.3
0
63.066
16.6629
0.3
0
79.0154
1.91435
0.3
0
82.5134
38.894
0.3
0
93.4991
13.848
0.3
0
99.6768
20.6171
0.3
0
77.58
25
1
16
0
8
52.6219
9.42639
0.3
0
52.7306
20.3447
0.3
0
63.1709
16.7212
0.3
0
79.0105
2.03425
0.3
0
82.4769
38.7796
0.3
0
93.4991
13.848
0.3
0
99.6768
20.6171
0.3
0
78.08
25
1
16
0
8
52.6219
9.42639
0.3
0
52.8487
20.366
0.3
0
63.2766
16.778
0.3
0
79.0082
2.15423
0.3
0
82.4442
38.6642
0.3
0
93.4991
13.848
0.3
0
99.6768
20.6171
0.3
0
78.58
25
1
16
0
8
52.6219
9.42639
0.3
0
52.9668
20.3869
0.3
0
63.3831
16.8334
0.3
0
79.0086
2.27423
0.3
0
82.4156
38.5476
0.3
0
93.4991
13.848
0.3
0
99.6768
20.6171
0.3
0
79.08
25
1
16
0
8
52.6219
9.42639
0.3
0
53.0851
20.4074
0.3
0
63.4902
16.8874
0.3
0
79.0116
2.39419
0.3
0
82.391
38.4302
0.3
0
93.4991
13.848
0.3
0
99.6768
20.6171
0.3
0
79.58
25
1
16
0
8
52.6219
9.42639
0.3
0
53.2034
20.4275
0.3
0
63.598
16.9401
0.3
0
79.0173
2.51406
0.3
0
82.3706
38.3119
0.3
0
93.4068
13.9247
0.3
0
99.6768
20.6171
0.3
0
80.08
25
1
16
0
8
52.6219
9.42639
0.3
0
53.3217
20.4473
0.3
0
63.7065
16.9915
0.3
0
79.0256
2.63377
0.3
0
82.3546
38.193
0.3
0
93.316
14.0032
0.3
0
99.6768
20.6171
0.3
0
80.58
25
1
16
0
8
52.6219
9.42639
0.3
0
53.4402
20.4667
0.3
0
63.8154
17.0418
0.3
0
79.0366
2.75327
0.3
0
82.3431
38.0736
0.3
0
93.2267
14.0834
0.3
0
99.6768
20.6171
0.3
0
81.08
25
1
16
0
9
52.6219
9.42639
0.3
0
53.5586
20.4858
0.3
0
63.9249
17.0908
0.3
0
79.0502
2.87249
0.3
0
82.3361
37.9538
0.3
0
93.1392
14.1654
0.3
0
99.6768
20.6171
0.3
0
74.6885
44.0399
0.3
0
81.58
25
1
16
0
9
52.6219
9.42639
0.3
0
53.6772
20.5045
0.3
0
64.035
17.1388
0.3
0
74.6885
44.0399
0.3
0
79.0665
2.99138
0.3
0
82.3337
37.8338
0.3
0
93.0535
14.2494
0.3
0
99.6768
20.6171
0.3
0
82.08
25
1
16
0
9
52.6219
9.42639
0.3
0
53.7957
20.523
0.3
0
64.1454
17.1856
0.3
0
74.6885
44.0399
0.3
0
79.0854
3.10988
0.3
0
82.336
37.7138
0.3
0
92.9697
14.3354
0.3
0
99.6768
20.6171
0.3
0
82.58
25
1
16
0
9
52.6219
9.42639
0.3
0
53.9144
20.5411
0.3
0
64.2564
17.2314
0.3
0
74.6885
44.0399
0.3
0
79.107
3.22793
0.3
0
82.343
37.594
0.3
0
92.8881
14.4234
0.3
0
99.6768
20.6171
0.3
0
83.08
25
1
16
0
9
52.6219
9.42639
0.3
0
54.033
20.5589
0.3
0
64.3677
17.2761
0.3
0
74.6885
44.0399
0.3
0
79.1311
3.34548
0.3
0
82.3548
37.4746
0.3
0
92.8088
14.5134
0.3
0
99.6768
20.6171
0.3
0
83.58
25
1
16
0
9
52.6219
9.42639
0.3
0
54.1517
20.5765
0.3
0
64.4794
17.3199
0.3
0
74.6885
44.0399
0.3
0
79.1579
3.46246
0.3
0
82.3712
37.3557
0.3
0
92.7321
14.6057
0.3
0
99.6768
20.6171
0.3
0
84.08
25
1
16
0
9
52.6219
9.42639
0.3
0
54.2705
20.5937
0.3
0
64.5915
17.3627
0.3
0
74.6885
44.0399
0.3
0
79.1872
3.57883
0.3
0
82.3923
37.2376
0.3
0
92.658
14.7001
0.3
0
99.6768
20.6171
0.3
0
84.58
25
1
16
0
9
52.6219
9.42639
0.3
0
54.3893
20.6107
0.3
0
64.704
17.4047
0.3
0
74.6885
44.0399
0.3
0
79.219
3.69453
0.3
0
82.4181
37.1204
0.3
0
92.5869
14.7968
0.3
0
99.5618
20.6516
0.3
0
85.08
25
1
16
0
9
52.6219
9.42639
0.3
0
54.5081
20.6275
0.3
0
64.8167
17.4457
0.3
0
74.6885
44.0399
0.3
0
79.2533
3.80952
0.3
0
82.4483
37.0043
0.3
0
92.519
14.8957
0.3
0
99.4472
20.6873
0.3
0
85.58
25
1
16
0
10
52.6219
9.42639
0.3
0
54.627
20.6439
0.3
0
64.9298
17.4859
0.3
0
74.6885
44.0399
0.3
0
79.2901
3.92374
0.3
0
82.4831
36.8894
0.3
0
92.4545
14.9969
0.3
0
99.333
20.7241
0.3
0
12.3939
38.358
0.3
0
86.08
25
1
16
0
10
12.3939
38.358
0.3
0
52.6219
9.42639
0.3
0
54.7459
20.6601
0.3
0
65.0432
17.5252
0.3
0
74.6885
44.0399
0.3
0
79.3293
4.03714
0.3
0
82.5222
36.776
0.3
0
92.3937
15.1003
0.3
0
99.2193
20.7623
0.3
0
86.58
25
1
16
0
10
12.3939
38.358
0.3
0
52.6219
9.42639
0.3
0
54.8648
20.6761
0.3
0
65.1568
17.5638
0.3
0
74.6885
44.0399
0.3
0
79.371
4.1497
0.3
0
82.5655
36.664
0.3
0
92.337
15.2061
0.3
0
99.106
20.8018
0.3
0
87.08
25
1
16
0
10
12.3939
38.358
0.3
0
52.6219
9.42639
0.3
0
54.9838
20.6918
0.3
0
65.2707
17.6015
0.3
0
74.6885
44.0399
0.3
0
79.4149
4.26135
0.3
0
82.6129
36.5538
0.3
0
92.2845
15.314
0.3
0
98.9932
20.8429
0.3
0
87.58
25
1
16
0
10
12.3939
38.358
0.3
0
52.6219
9.42639
0.3
0
55.1028
20.7073
0.3
0
65.3849
17.6386
0.3
0
74.6885
44.0399
0.3
0
79.4612
4.37208
0.3
0
82.6642
36.4453
0.3
0
92.2367
15.4241
0.3
0
98.8811
20.8856
0.3
0
88.08
25
1
16
0
10
12.3939
38.358
0.3
0
52.6219
9.42639
0.3
0
55.2218
20.7226
0.3
0
65.4992
17.6749
0.3
0
74.6885
44.0399
0.3
0
79.5097
4.48183
0.3
0
82.7193
36.3387
0.3
0
92.1939
15.5362
0.3
0
98.7696
20.9301
0.3
0
88.58
25
1
16
0
10
12.3939
38.358
0.3
0
52.6219
9.42639
0.3
0
55.3408
20.7376
0.3
0
65.6138
17.7105
0.3
0
74.6885
44.0399
0.3
0
79.5604
4.59058
0.3
0
82.778
36.2341
0.3
0
92.1564
15.6502
0.3
0
98.659
20.9766
0.3
0
89.08
25
1
16
0
10
12.3939
38.358
0.3
0
52.7325
9.47299
0.3
0
55.4599
20.7524
0.3
0
65.7287
17.7454
0.3
0
74.6885
44.0399
0.3
0
79.6133
4.6983
0.3
0
82.8402
36.1314
0.3
0
92.1246
15.7659
0.3
0
98.5493
21.0252
0.3
0
89.58
25
1
16
0
10
12.3939
38.358
0.3
0
52.8433
9.51906
0.3
0
55.579
20.767
0.3
0
65.8437
17.7796
0.3
0
74.6885
44.0399
0.3
0
79.6683
4.80496
0.3
0
82.9056
36.0308
0.3
0
92.0986
15.883
0.3
0
98.4407
21.0762
0.3
0
90.08
25
1
16
0
10
12.3939
38.358
0.3
0
52.9543
9.5646
0.3
0
55.6982
20.7815
0.3
0
65.9589
17.8133
0.3
0
74.6885
44.0399
0.3
0
79.7253
4.91054
0.3
0
82.9741
35.9323
0.3
0
92.0789
16.0014
0.3
0
98.3333
21.1298
0.3
0
90.58
25
1
16
0
11
12.3939
38.358
0.3
0
53.0656
9.60964
0.3
0
55.8173
20.7957
0.3
0
66.0742
17.8463
0.3
0
74.6885
44.0399
0.3
0
79.7844
5.01501
0.3
0
83.0456
35.8359
0.3
0
92.0657
16.1207
0.3
0
98.2274
21.1863
0.3
0
69.6945
7.9444
0.3
0
91.08
25
1
16
0
11
12.3939
38.358
0.3
0
53.177
9.65416
0.3
0
55.9365
20.8097
0.3
0
66.1898
17.8787
0.3
0
69.6945
7.9444
0.3
0
74.6885
44.0399
0.3
0
79.8454
5.11835
0.3
0
83.1199
35.7417
0.3
0
92.0591
16.2405
0.3
0
98.1233
21.246
0.3
0
91.58
25
1
16
0
11
12.3939
38.358
0.3
0
53.2886
9.6982
0.3
0
56.0557
20.8235
0.3
0
66.3055
17.9105
0.3
0
69.6945
7.9444
0.3
0
74.6885
44.0399
0.3
0
79.9083
5.22055
0.3
0
83.1967
35.6495
0.3
0
92.0594
16.3605
0.3
0
98.0214
21.3093
0.3
0
92.08
25
1
16
0
11
12.3939
38.358
0.3
0
53.4004
9.74174
0.3
0
56.1749
20.8371
0.3
0
66.4213
17.9418
0.3
0
69.6945
7.9444
0.3
0
74.6885
44.0399
0.3
0
79.973
5.32159
0.3
0
83.2761
35.5595
0.3
0
92.0666
16.4803
0.3
0
97.9221
21.3767
0.3
0
92.58
25
1
16
0
11
12.3939
38.358
0.3
0
53.5124
9.78481
0.3
0
56.2942
20.8506
0.3
0
66.5373
17.9725
0.3
0
69.6945
7.9444
0.3
0
74.6885
44.0399
0.3
0
80.0395
5.42146
0.3
0
83.3577
35.4715
0.3
0
92.0808
16.5994
0.3
0
97.826
21.4486
0.3
0
93.08
25
1
16
0
11
12.3939
38.358
0.3
0
53.6246
9.82742
0.3
0
56.4134
20.8638
0.3
0
66.6535
18.0027
0.3
0
69.6945
7.9444
0.3
0
74.6885
44.0399
0.3
0
80.1078
5.52016
0.3
0
83.4415
35.3857
0.3
0
92.1019
16.7176
0.3
0
97.7339
21.5256
0.3
0
93.58
25
1
16
0
11
12.3939
38.358
0.3
0
53.737
9.86955
0.3
0
56.5327
20.8769
0.3
0
66.7697
18.0323
0.3
0
69.6945
7.9444
0.3
0
74.7741
43.9558
0.3
0
80.1777
5.61767
0.3
0
83.5274
35.3018
0.3
0
92.1298
16.8343
0.3
0
97.647
21.6082
0.3
0
94.08
25
1
16
0
11
12.3939
38.358
0.3
0
53.8495
9.91124
0.3
0
56.652
20.8899
0.3
0
66.8861
18.0615
0.3
0
69.6945
7.9444
0.3
0
74.8608
43.8728
0.3
0
80.2493
5.71399
0.3
0
83.6152
35.22
0.3
0
92.1642
16.9492
0.3
0
97.5665
21.6972
0.3
0
94.58
25
1
16
0
11
12.3939
38.358
0.3
0
53.9622
9.95248
0.3
0
56.7713
20.9026
0.3
0
67.0027
18.0902
0.3
0
69.6945
7.9444
0.3
0
74.9485
43.791
0.3
0
80.3224
5.80912
0.3
0
83.7048
35.1402
0.3
0
92.2051
17.0621
0.3
0
97.4943
21.7931
0.3
0
95.08
25
1
16
0
12
12.3939
38.358
0.3
0
54.0751
9.99328
0.3
0
56.8907
20.9152
0.3
0
67.1193
18.1184
0.3
0
69.6945
7.9444
0.3
0
75.0373
43.7101
0.3
0
80.3971
5.90305
0.3
0
83.796
35.0622
0.3
0
92.2521
17.1725
0.3
0
97.4328
21.8962
0.3
0
53.2418
49.6309
0.3
0
95.58
25
1
16
0
12
12.3939
38.358
0.3
0
53.2418
49.6309
0.3
0
54.1881
10.0337
0.3
0
57.01
20.9277
0.3
0
67.2361
18.1461
0.3
0
69.6945
7.9444
0.3
0
75.1269
43.6304
0.3
0
80.4733
5.99578
0.3
0
83.8889
34.9862
0.3
0
92.3048
17.2803
0.3
0
97.3849
22.0062
0.3
0
96.08
25
1
16
0
12
12.3939
38.358
0.3
0
53.2418
49.6309
0.3
0
54.3012
10.0736
0.3
0
57.1294
20.94
0.3
0
67.3529
18.1734
0.3
0
69.6945
7.9444
0.3
0
75.2175
43.5517
0.3
0
80.5509
6.08733
0.3
0
83.9832
34.912
0.3
0
92.3629
17.3853
0.3
0
97.3537
22.122
0.3
0
96.58
25
1
16
0
12
12.3939
38.358
0.3
0
53.2418
49.6309
0.3
0
54.4145
10.1132
0.3
0
57.2488
20.9523
0.3
0
67.4698
18.2005
0.3
0
69.6945
7.9444
0.3
0
75.3095
43.4747
0.3
0
80.6301
6.17747
0.3
0
84.0796
34.8406
0.3
0
92.4272
17.4866
0.3
0
97.3497
22.242
0.3
0
97.2545
25.0977
1
16
0
12
12.3939
38.358
0.3
0
53.2418
49.6309
0.3
0
54.5279
10.1525
0.3
0
57.3681
20.9648
0.3
0
67.5868
18.2273
0.3
0
69.6945
7.9444
0.3
0
75.4031
43.3995
0.3
0
80.7111
6.26601
0.3
0
84.1784
34.7725
0.3
0
92.4978
17.5836
0.3
0
97.3771
22.3588
0.3
0
98.0463
25.2123
1
16
0
12
12.3939
38.358
0.3
0
53.2418
49.6309
0.3
0
54.6414
10.1914
0.3
0
57.4874
20.9773
0.3
0
67.7038
18.2539
0.3
0
69.6945
7.9444
0.3
0
75.4978
43.3258
0.3
0
80.7934
6.35335
0.3
0
84.2788
34.7068
0.3
0
92.5725
17.6775
0.3
0
97.4245
22.4691
0.3
0
98.6401
25.2983
1
16
0
12
12.5126
38.3402
0.3
0
53.2418
49.6309
0.3
0
54.755
10.2302
0.3
0
57.6068
20.9899
0.3
0
67.8208
18.2804
0.3
0
69.6945
7.9444
0.3
0
75.5933
43.2532
0.3
0
80.8767
6.43973
0.3
0
84.3804
34.6429
0.3
0
92.6504
17.7688
0.3
0
97.4854
22.5724
0.3
0
99.1349
25.3699
1
16
0
12
12.6313
38.3227
0.3
0
53.2418
49.6309
0.3
0
54.8686
10.2687
0.3
0
57.7261
21.0026
0.3
0
67.9379
18.3068
0.3
0
69.6945
7.9444
0.3
0
75.6897
43.1818
0.3
0
80.961
6.52514
0.3
0
84.4832
34.5809
0.3
0
92.7311
17.8576
0.3
0
97.5573
22.6686
0.3
0
99.6298
25.4415
1
16
0
12
12.75
38.3052
0.3
0
53.2418
49.6309
0.3
0
54.9823
10.3071
0.3
0
57.8454
21.0153
0.3
0
68.055
18.3331
0.3
0
69.6945
7.9444
0.3
0
75.7868
43.1112
0.3
0
81.0459
6.60987
0.3
0
84.5868
34.5204
0.3
0
92.8138
17.9446
0.3
0
97.6355
22.7596
0.3
0
100
25.5132
1
16
0
13
12.8688
38.2881
0.3
0
53.2418
49.6309
0.3
0
55.0958
10.346
0.3
0
57.9647
21.0286
0.3
0
68.1719
18.3601
0.3
0
69.6945
7.9444
0.3
0
75.8843
43.0412
0.3
0
81.1304
6.69508
0.3
0
84.691
34.4609
0.3
0
92.8952
18.0328
0.3
0
97.7103
22.8534
0.3
0
33.4419
0.252611
0.3
0
100
25.7236
1
16
0
13
12.9876
38.2715
0.3
0
33.4419
0.252611
0.3
0
53.2418
49.6309
0.3
0
55.209
10.3858
0.3
0
58.0838
21.0431
0.3
0
68.2885
18.3886
0.3
0
69.6945
7.9444
0.3
0
75.9825
42.9723
0.3
0
81.214
6.78122
0.3
0
84.7964
34.4035
0.3
0
92.9742
18.1231
0.3
0
97.7787
22.952
0.3
0
99.9836
26.1334
1
16
0
13
13.1066
38.2556
0.3
0
33.4419
0.252611
0.3
0
53.2418
49.6309
0.3
0
55.3218
10.4268
0.3
0
58.2028
21.059
0.3
0
68.4046
18.4189
0.3
0
69.6945
7.9444
0.3
0
76.0817
42.9047
0.3
0
81.2963
6.86849
0.3
0
84.9032
34.3488
0.3
0
93.0503
18.2159
0.3
0
97.8397
23.0554
0.3
0
99.9515
26.6324
1
16
0
13
13.2256
38.2404
0.3
0
33.4419
0.252611
0.3
0
53.2418
49.6309
0.3
0
55.4342
10.4688
0.3
0
58.3215
21.0762
0.3
0
68.5202
18.4508
0.3
0
69.6945
7.9444
0.3
0
76.1817
42.8385
0.3
0
81.3775
6.95684
0.3
0
85.0113
34.2968
0.3
0
93.1236
18.3109
0.3
0
97.8942
23.1623
0.3
0
99.9194
27.1313
1
16
0
13
13.3447
38.2258
0.3
0
33.4419
0.252611
0.3
0
53.2418
49.6309
0.3
0
55.5461
10.5121
0.3
0
58.4401
21.0949
0.3
0
68.6354
18.4845
0.3
0
69.6945
7.9444
0.3
0
76.2827
42.7737
0.3
0
81.4576
7.04624
0.3
0
85.1208
34.2477
0.3
0
93.194
18.408
0.3
0
97.9431
23.2718
0.3
0
99.8873
27.6303
1
16
0
13
13.4639
38.2119
0.3
0
33.4419
0.252611
0.3
0
53.2418
49.6309
0.3
0
55.6576
10.5564
0.3
0
58.5584
21.115
0.3
0
68.7501
18.52
0.3
0
69.6945
7.9444
0.3
0
76.3847
42.7104
0.3
0
81.5365
7.13666
0.3
0
85.2316
34.2017
0.3
0
93.2619
18.507
0.3
0
97.987
23.3835
0.3
0
99.8552
28.1293
1
16
0
13
13.5832
38.1986
0.3
0
33.4419
0.252611
0.3
0
53.2418
49.6309
0.3
0
55.7687
10.6018
0.3
0
58.6764
21.1365
0.3
0
68.8642
18.5571
0.3
0
69.6945
7.9444
0.3
0
76.4875
42.6486
0.3
0
81.6143
7.22805
0.3
0
85.3437
34.1589
0.3
0
93.3271
18.6077
0.3
0
98.0267
23.4968
0.3
0
99.8231
28.6283
1
16
0
13
13.7025
38.1861
0.3
0
33.4419
0.252611
0.3
0
53.2418
49.6309
0.3
0
55.8793
10.6484
0.3
0
58.7942
21.1594
0.3
0
68.9777
18.5959
0.3
0
69.7927
8.01347
0.3
0
76.5913
42.5883
0.3
0
81.6909
7.32039
0.3
0
85.4571
34.1194
0.3
0
93.39
18.71
0.3
0
98.0626
23.6113
0.3
0
99.791
29.1272
1
16
0
13
13.8219
38.1742
0.3
0
33.4419
0.252611
0.3
0
53.2418
49.6309
0.3
0
55.9895
10.696
0.3
0
58.9117
21.1837
0.3
0
69.0907
18.6364
0.3
0
69.89
8.08367
0.3
0
76.696
42.5297
0.3
0
81.7664
7.41363
0.3
0
85.5716
34.0834
0.3
0
93.4504
18.8136
0.3
0
98.0951
23.7268
0.3
0
99.7588
29.6262
1
16
0
14
13.9414
38.163
0.3
0
33.4419
0.252611
0.3
0
53.2418
49.6309
0.3
0
56.0991
10.7447
0.3
0
59.0289
21.2094
0.3
0
69.2031
18.6785
0.3
0
69.9865
8.15497
0.3
0
76.8017
42.4728
0.3
0
81.8409
7.50776
0.3
0
85.6871
34.0511
0.3
0
93.5087
18.9185
0.3
0
98.1248
23.843
0.3
0
64.7266
7.17832
0.3
0
99.7267
30.1252
1
16
0
14
14.061
38.1525
0.3
0
33.4419
0.252611
0.3
0
53.2418
49.6309
0.3
0
56.2083
10.7945
0.3
0
59.1459
21.2364
0.3
0
64.7266
7.17832
0.3
0
69.3148
18.7223
0.3
0
70.0822
8.22736
0.3
0
76.9083
42.4177
0.3
0
81.9142
7.60273
0.3
0
85.8037
34.0226
0.3
0
93.5647
19.0246
0.3
0
98.1519
23.96
0.3
0
99.6946
30.6241
1
16
0
14
14.1805
38.1427
0.3
0
33.4419
0.252611
0.3
0
53.2418
49.6309
0.3
0
56.317
10.8454
0.3
0
59.2624
21.2649
0.3
0
64.7266
7.17832
0.3
0
69.4259
18.7677
0.3
0
70.1771
8.30081
0.3
0
77.0158
42.3643
0.3
0
81.9865
7.69852
0.3
0
85.9211
33.998
0.3
0
93.6187
19.1318
0.3
0
98.1766
24.0774
0.3
0
99.6625
31.1231
1
16
0
14
14.3002
38.1335
0.3
0
33.4419
0.252611
0.3
0
53.2418
49.6309
0.3
0
56.4252
10.8973
0.3
0
59.3787
21.2947
0.3
0
64.7266
7.17832
0.3
0
69.5363
18.8147
0.3
0
70.2712
8.3753
0.3
0
77.1242
42.3128
0.3
0
82.0577
7.7951
0.3
0
86.0394
33.9775
0.3
0
93.6708
19.2399
0.3
0
98.1993
24.1952
0.3
0
99.6304
31.6221
1
16
0
14
14.4199
38.1251
0.3
0
33.4419
0.252611
0.3
0
53.2418
49.6309
0.3
0
56.5329
10.9502
0.3
0
59.4945
21.3259
0.3
0
64.7266
7.17832
0.3
0
69.646
18.8632
0.3
0
70.3645
8.45081
0.3
0
77.2334
42.2633
0.3
0
82.1279
7.89243
0.3
0
86.1583
33.9612
0.3
0
93.7209
19.3489
0.3
0
98.2202
24.3134
0.3
0
99.5983
32.121
1
16
0
14
14.5397
38.1174
0.3
0
33.4419
0.252611
0.3
0
53.2418
49.6309
0.3
0
56.6401
11.0042
0.3
0
59.6101
21.3585
0.3
0
64.7266
7.17832
0.3
0
69.7551
18.9134
0.3
0
70.4569
8.52732
0.3
0
77.3436
42.2157
0.3
0
82.1971
7.9905
0.3
0
86.2777
33.9493
0.3
0
93.7693
19.4587
0.3
0
98.2394
24.4318
0.3
0
99.5662
32.62
1
16
0
14
14.6594
38.1103
0.3
0
33.4419
0.252611
0.3
0
53.2418
49.6309
0.3
0
56.7467
11.0592
0.3
0
59.7252
21.3924
0.3
0
64.7266
7.17832
0.3
0
69.8634
18.965
0.3
0
70.5485
8.60481
0.3
0
77.4546
42.1702
0.3
0
82.2652
8.08927
0.3
0
86.3974
33.9418
0.3
0
93.816
19.5693
0.3
0
98.2571
24.5505
0.3
0
99.5341
33.119
1
16
0
14
14.7793
38.104
0.3
0
33.4419
0.252611
0.3
0
53.3552
49.5917
0.3
0
56.8529
11.1152
0.3
0
59.8399
21.4276
0.3
0
64.7266
7.17832
0.3
0
69.9709
19.0182
0.3
0
70.6393
8.68326
0.3
0
77.5665
42.1268
0.3
0
82.3324
8.18872
0.3
0
86.5174
33.9388
0.3
0
93.861
19.6805
0.3
0
98.2734
24.6694
0.3
0
99.5019
33.6179
1
16
0
14
14.8991
38.0983
0.3
0
33.4419
0.252611
0.3
0
53.469
49.5535
0.3
0
56.9585
11.1722
0.3
0
59.9541
21.4642
0.3
0
64.7266
7.17832
0.3
0
70.0778
19.0729
0.3
0
70.7293
8.76265
0.3
0
77.6792
42.0856
0.3
0
82.3985
8.28883
0.3
0
86.6374
33.9405
0.3
0
93.9044
19.7924
0.3
0
98.2885
24.7885
0.3
0
99.4698
34.1169
1
16
0
15
15.019
38.0934
0.3
0
33.4419
0.252611
0.3
0
53.5831
49.5164
0.3
0
57.0635
11.2302
0.3
0
60.068
21.5021
0.3
0
64.7266
7.17832
0.3
0
70.1838
19.129
0.3
0
70.8185
8.84295
0.3
0
77.7927
42.0466
0.3
0
82.4637
8.38957
0.3
0
86.7572
33.9468
0.3
0
93.9464
19.9048
0.3
0
98.3024
24.9076
0.3
0
79.657
35.3886
0.3
0
99.4377
34.6159
1
16
0
15
15.139
38.0891
0.3
0
33.4419
0.252611
0.3
0
53.6976
49.4804
0.3
0
57.168
11.2891
0.3
0
60.1814
21.5414
0.3
0
64.7266
7.17832
0.3
0
70.2891
19.1866
0.3
0
70.9069
8.92415
0.3
0
77.907
42.01
0.3
0
79.657
35.3886
0.3
0
82.528
8.49092
0.3
0
86.8767
33.9578
0.3
0
93.9869
20.0178
0.3
0
98.3153
25.0269
0.3
0
99.4056
35.1148
1
16
0
15
15.2589
38.0856
0.3
0
33.4419
0.252611
0.3
0
53.8124
49.4456
0.3
0
57.272
11.349
0.3
0
60.2943
21.5819
0.3
0
64.7266
7.17832
0.3
0
70.3936
19.2456
0.3
0
70.9944
9.00623
0.3
0
78.022
41.9757
0.3
0
79.657
35.3886
0.3
0
82.5913
8.59286
0.3
0
86.9957
33.9736
0.3
0
94.0261
20.1312
0.3
0
98.3272
25.1464
0.3
0
99.3735
35.6138
1
16
0
15
15.3789
38.0828
0.3
0
33.4419
0.252611
0.3
0
53.9276
49.4119
0.3
0
57.3754
11.4099
0.3
0
60.4068
21.6238
0.3
0
64.7266
7.17832
0.3
0
70.4973
19.3061
0.3
0
71.0811
9.08916
0.3
0
78.1377
41.9439
0.3
0
79.657
35.3886
0.3
0
82.6537
8.69537
0.3
0
87.1139
33.9941
0.3
0
94.064
20.2451
0.3
0
98.3383
25.2658
0.3
0
99.3414
36.1128
1
16
0
15
15.4989
38.0807
0.3
0
33.4419
0.252611
0.3
0
54.043
49.3793
0.3
0
57.4783
11.4717
0.3
0
60.5188
21.6669
0.3
0
64.7266
7.17832
0.3
0
70.6001
19.3678
0.3
0
71.1671
9.17293
0.3
0
78.2541
41.9146
0.3
0
79.657
35.3886
0.3
0
82.7152
8.79842
0.3
0
87.2312
34.0193
0.3
0
94.1006
20.3593
0.3
0
98.3485
25.3854
0.3
0
99.3093
36.6117
1
16
0
15
15.6189
38.0793
0.3
0
33.4419
0.252611
0.3
0
54.1589
49.3479
0.3
0
57.5806
11.5345
0.3
0
60.6303
21.7113
0.3
0
64.7266
7.17832
0.3
0
70.7022
19.431
0.3
0
71.2522
9.25753
0.3
0
78.371
41.8878
0.3
0
79.657
35.3886
0.3
0
82.7757
8.902
0.3
0
87.3475
34.0491
0.3
0
94.136
20.474
0.3
0
98.358
25.505
0.3
0
99.2772
37.1107
1
16
0
15
15.7389
38.0786
0.3
0
33.4419
0.252611
0.3
0
54.275
49.3176
0.3
0
57.6823
11.5981
0.3
0
60.7412
21.757
0.3
0
64.7266
7.17832
0.3
0
70.8034
19.4954
0.3
0
71.3365
9.34292
0.3
0
78.4886
41.8638
0.3
0
79.657
35.3886
0.3
0
82.8355
9.00609
0.3
0
87.4624
34.0835
0.3
0
94.1703
20.589
0.3
0
98.3668
25.6247
0.3
0
99.245
37.6097
1
16
0
15
15.8589
38.0787
0.3
0
33.546
0.312472
0.3
0
54.3914
49.2886
0.3
0
57.7834
11.6627
0.3
0
60.8517
21.804
0.3
0
64.7266
7.17832
0.3
0
70.9038
19.5612
0.3
0
71.42
9.42909
0.3
0
78.6067
41.8424
0.3
0
79.657
35.3886
0.3
0
82.8943
9.11067
0.3
0
87.576
34.1224
0.3
0
94.2035
20.7043
0.3
0
98.3749
25.7444
0.3
0
99.2129
38.1086
1
16
0
15
15.9789
38.0794
0.3
0
33.6496
0.372947
0.3
0
54.5081
49.2608
0.3
0
57.884
11.7282
0.3
0
60.9616
21.8522
0.3
0
64.7266
7.17832
0.3
0
71.0033
19.6283
0.3
0
71.5027
9.51603
0.3
0
78.7252
41.8237
0.3
0
79.657
35.3886
0.3
0
82.9523
9.21572
0.3
0
87.6879
34.1656
0.3
0
94.2357
20.8199
0.3
0
98.3824
25.8642
0.3
0
99.1808
38.6076
1
16
0
16
16.0988
38.0809
0.3
0
33.7529
0.434029
0.3
0
54.6252
49.2341
0.3
0
57.984
11.7945
0.3
0
61.0709
21.9016
0.3
0
64.7266
7.17832
0.3
0
71.102
19.6965
0.3
0
71.5846
9.60371
0.3
0
78.8442
41.8079
0.3
0
79.657
35.3886
0.3
0
83.0095
9.32122
0.3
0
87.7981
34.2132
0.3
0
94.2668
20.9358
0.3
0
98.3893
25.984
0.3
0
91.6655
48.6877
0.3
0
99.1487
39.1066
1
16
0
16
16.2188
38.0831
0.3
0
33.8558
0.495714
0.3
0
54.7424
49.2088
0.3
0
58.0834
11.8617
0.3
0
61.1797
21.9522
0.3
0
64.7266
7.17832
0.3
0
71.1998
19.7661
0.3
0
71.6658
9.69213
0.3
0
78.9635
41.7949
0.3
0
79.657
35.3886
0.3
0
83.0658
9.42717
0.3
0
87.9064
34.2648
0.3
0
91.6655
48.6877
0.3
0
94.297
21.052
0.3
0
98.3957
26.1038
0.3
0
99.1166
39.6055
1
16
0
16
16.3388
38.0861
0.3
0
33.9584
0.557998
0.3
0
54.86
49.1846
0.3
0
58.1822
11.9298
0.3
0
61.2879
22.004
0.3
0
64.7266
7.17832
0.3
0
71.2967
19.8368
0.3
0
71.7461
9.78125
0.3
0
79.083
41.7849
0.3
0
79.657
35.3886
0.3
0
83.1214
9.53354
0.3
0
88.0128
34.3203
0.3
0
91.6655
48.6877
0.3
0
94.3262
21.1683
0.3
0
98.4016
26.2237
0.3
0
99.0845
40.1045
1
16
0
16
16.4587
38.0897
0.3
0
34.0606
0.620875
0.3
0
54.9778
49.1618
0.3
0
58.2805
11.9987
0.3
0
61.3956
22.057
0.3
0
64.7266
7.17832
0.3
0
71.3928
19.9087
0.3
0
71.8257
9.87108
0.3
0
79.2028
41.7778
0.3
0
79.657
35.3886
0.3
0
83.1761
9.64032
0.3
0
88.1171
34.3797
0.3
0
91.6655
48.6877
0.3
0
94.3546
21.2849
0.3
0
98.407
26.3436
0.3
0
99.0524
40.6035
1
16
0
16
16.5787
38.0941
0.3
0
34.1624
0.684342
0.3
0
55.0958
49.1402
0.3
0
58.3781
12.0685
0.3
0
61.5027
22.1112
0.3
0
64.7266
7.17832
0.3
0
71.488
19.9817
0.3
0
71.9045
9.96158
0.3
0
79.3228
41.7737
0.3
0
79.657
35.3886
0.3
0
83.2301
9.7475
0.3
0
88.2192
34.4427
0.3
0
91.6655
48.6877
0.3
0
94.3821
21.4017
0.3
0
98.412
26.4635
0.3
0
99.0203
41.1024
1
16
0
16
16.6985
38.0992
0.3
0
34.2639
0.748393
0.3
0
55.2141
49.1198
0.3
0
58.4752
12.139
0.3
0
61.6091
22.1666
0.3
0
64.7266
7.17832
0.3
0
71.5824
20.0559
0.3
0
71.9825
10.0527
0.3
0
79.4428
41.7727
0.3
0
79.657
35.3886
0.3
0
83.2833
9.85506
0.3
0
88.3192
34.5091
0.3
0
91.6655
48.6877
0.3
0
94.4087
21.5187
0.3
0
98.4166
26.5834
0.3
0
98.9882
41.6014
1
16
0
16
16.8184
38.105
0.3
0
34.365
0.813022
0.3
0
55.3326
49.1008
0.3
0
58.5716
12.2104
0.3
0
61.715
22.2231
0.3
0
64.7266
7.17832
0.3
0
71.6758
20.1311
0.3
0
72.0598
10.1445
0.3
0
79.5627
41.7747
0.3
0
79.657
35.3886
0.3
0
83.3358
9.96299
0.3
0
88.4168
34.5788
0.3
0
91.6655
48.6877
0.3
0
94.4346
21.6359
0.3
0
98.4207
26.7033
0.3
0
98.956
42.1004
1
16
0
16
16.9382
38.1116
0.3
0
34.4658
0.878227
0.3
0
55.4513
49.0831
0.3
0
58.6675
12.2826
0.3
0
61.8202
22.2807
0.3
0
64.81
7.26465
0.3
0
71.7684
20.2075
0.3
0
72.1363
10.237
0.3
0
79.657
35.3886
0.3
0
79.6826
41.7798
0.3
0
83.3875
10.0713
0.3
0
88.5122
34.6516
0.3
0
91.6655
48.6877
0.3
0
94.4598
21.7533
0.3
0
98.4245
26.8232
0.3
0
98.9239
42.5993
1
16
0
16
17.058
38.1189
0.3
0
34.5661
0.944001
0.3
0
55.5701
49.0668
0.3
0
58.7627
12.3556
0.3
0
61.9249
22.3395
0.3
0
64.8927
7.3516
0.3
0
71.8601
20.2849
0.3
0
72.2121
10.33
0.3
0
79.657
35.3886
0.3
0
79.8024
41.788
0.3
0
83.4385
10.1799
0.3
0
88.6053
34.7274
0.3
0
91.6655
48.6877
0.3
0
94.4842
21.8707
0.3
0
98.428
26.9432
0.3
0
98.8918
43.0983
1
16
0
16
17.1777
38.1269
0.3
0
34.6661
1.01034
0.3
0
55.6892
49.0517
0.3
0
58.8574
12.4293
0.3
0
62.0289
22.3994
0.3
0
64.9747
7.43916
0.3
0
71.9509
20.3633
0.3
0
72.2871
10.4237
0.3
0
79.657
35.3886
0.3
0
79.9218
41.7993
0.3
0
83.4888
10.2889
0.3
0
88.6961
34.8059
0.3
0
91.6655
48.6877
0.3
0
94.5079
21.9884
0.3
0
98.4311
27.0631
0.3
0
98.8597
43.5973
1
16
0
17
17.2974
38.1356
0.3
0
34.7658
1.07724
0.3
0
55.8084
49.038
0.3
0
58.9515
12.5039
0.3
0
62.1323
22.4603
0.3
0
65.0561
7.52732
0.3
0
72.0409
20.4427
0.3
0
72.3614
10.5179
0.3
0
79.657
35.3886
0.3
0
80.0409
41.8138
0.3
0
83.5383
10.3981
0.3
0
88.7845
34.887
0.3
0
91.6655
48.6877
0.3
0
94.5309
22.1062
0.3
0
98.4339
27.1831
0.3
0
3.58159
6.50512
0.3
0
98.8276
44.0962
1
16
0
17
3.58159
6.50512
0.3
0
17.417
38.1451
0.3
0
34.865
1.14469
0.3
0
55.9278
49.0257
0.3
0
59.0449
12.5791
0.3
0
62.235
22.5223
0.3
0
65.1369
7.61606
0.3
0
72.13
20.5231
0.3
0
72.4349
10.6128
0.3
0
79.657
35.3886
0.3
0
80.1596
41.8314
0.3
0
83.5872
10.5077
0.3
0
88.8707
34.9705
0.3
0
91.6655
48.6877
0.3
0
94.5532
22.2241
0.3
0
98.4364
27.3031
0.3
0
98.7955
44.5952
1
16
0
17
3.58159
6.50512
0.3
0
17.5366
38.1553
0.3
0
34.9639
1.2127
0.3
0
56.0473
49.0147
0.3
0
59.1378
12.6552
0.3
0
62.3371
22.5854
0.3
0
65.217
7.70538
0.3
0
72.2182
20.6045
0.3
0
72.5078
10.7081
0.3
0
79.657
35.3886
0.3
0
80.2778
41.8521
0.3
0
83.6355
10.6176
0.3
0
88.9545
35.0563
0.3
0
91.6655
48.6877
0.3
0
94.5749
22.3421
0.3
0
98.4386
27.4231
0.3
0
98.7634
45.0942
1
16
0
17
3.58159
6.50512
0.3
0
17.6561
38.1663
0.3
0
35.0624
1.28124
0.3
0
56.1669
49.0051
0.3
0
59.23
12.7319
0.3
0
62.4385
22.6495
0.3
0
65.2966
7.79526
0.3
0
72.3055
20.6868
0.3
0
72.5799
10.8041
0.3
0
79.657
35.3886
0.3
0
80.3954
41.876
0.3
0
83.683
10.7278
0.3
0
89.0361
35.1443
0.3
0
91.6655
48.6877
0.3
0
94.5961
22.4602
0.3
0
98.4405
27.5431
0.3
0
98.7313
45.5931
1
16
0
17
3.58159
6.50512
0.3
0
17.7755
38.178
0.3
0
35.1605
1.35033
0.3
0
56.2866
48.9969
0.3
0
59.3217
12.8094
0.3
0
62.5393
22.7147
0.3
0
65.3754
7.8857
0.3
0
72.3919
20.77
0.3
0
72.6513
10.9005
0.3
0
79.657
35.3886
0.3
0
80.5124
41.9029
0.3
0
83.7299
10.8382
0.3
0
89.1156
35.2343
0.3
0
91.6655
48.6877
0.3
0
94.6166
22.5784
0.3
0
98.4422
27.663
0.3
0
98.6991
46.0921
1
16
0
17
3.58159
6.50512
0.3
0
17.8949
38.1904
0.3
0
35.2582
1.41996
0.3
0
56.4064
48.9901
0.3
0
59.4127
12.8875
0.3
0
62.6394
22.7808
0.3
0
65.4537
7.97667
0.3
0
72.4775
20.8541
0.3
0
72.7219
10.9975
0.3
0
79.657
35.3886
0.3
0
80.6286
41.9329
0.3
0
83.7762
10.949
0.3
0
89.1928
35.3261
0.3
0
91.6655
48.6877
0.3
0
94.6366
22.6968
0.3
0
98.4436
27.783
0.3
0
98.667
46.591
1
16
0
17
3.58159
6.50512
0.3
0
18.0142
38.2035
0.3
0
35.3556
1.49011
0.3
0
56.5263
48.9847
0.3
0
59.5032
12.9664
0.3
0
62.7388
22.848
0.3
0
65.5313
8.06818
0.3
0
72.5623
20.9391
0.3
0
72.7919
11.095
0.3
0
79.7591
35.4516
0.3
0
80.7439
41.966
0.3
0
83.8218
11.0599
0.3
0
89.2679
35.4197
0.3
0
91.6655
48.6877
0.3
0
94.656
22.8152
0.3
0
98.4448
27.903
0.3
0
98.6349
47.09
1
16
0
17
3.58159
6.50512
0.3
0
18.1334
38.2174
0.3
0
35.4525
1.5608
0.3
0
56.6462
48.9808
0.3
0
59.593
13.046
0.3
0
62.8376
22.9161
0.3
0
65.6083
8.16021
0.3
0
72.6461
21.0249
0.3
0
72.8612
11.1929
0.3
0
79.86
35.5166
0.3
0
80.8584
42.002
0.3
0
83.8668
11.1712
0.3
0
89.3409
35.5149
0.3
0
91.6655
48.6877
0.3
0
94.6748
22.9337
0.3
0
98.4458
28.023
0.3
0
98.6028
47.589
1
16
0
17
3.58159
6.50512
0.3
0
18.2525
38.232
0.3
0
35.5491
1.632
0.3
0
56.7662
48.9782
0.3
0
59.6822
13.1262
0.3
0
62.9357
22.9852
0.3
0
65.6847
8.25275
0.3
0
72.7291
21.1116
0.3
0
72.9298
11.2914
0.3
0
79.9596
35.5835
0.3
0
80.9719
42.041
0.3
0
83.9112
11.2827
0.3
0
89.412
35.6116
0.3
0
91.6655
48.6877
0.3
0
94.6932
23.0523
0.3
0
98.4465
28.143
0.3
0
98.5707
48.0879
1
16
0
18
3.58159
6.50512
0.3
0
18.3715
38.2474
0.3
0
35.6453
1.70372
0.3
0
56.8862
48.9771
0.3
0
59.7709
13.2071
0.3
0
63.0331
23.0553
0.3
0
65.7605
8.34579
0.3
0
72.8113
21.1991
0.3
0
72.9977
11.3903
0.3
0
80.0579
35.6523
0.3
0
81.0843
42.0829
0.3
0
83.955
11.3944
0.3
0
89.481
35.7098
0.3
0
91.6655
48.6877
0.3
0
94.7111
23.1709
0.3
0
98.4471
28.263
0.3
0
44.6334
30.3053
0.3
0
98.5386
48.5869
1
16
0
18
3.58159
6.50512
0.3
0
18.4904
38.2634
0.3
0
35.7412
1.77595
0.3
0
44.6334
30.3053
0.3
0
57.0062
48.9774
0.3
0
59.8589
13.2886
0.3
0
63.1299
23.1263
0.3
0
65.8357
8.43932
0.3
0
72.8926
21.2873
0.3
0
73.065
11.4897
0.3
0
80.1549
35.723
0.3
0
81.1957
42.1276
0.3
0
83.9982
11.5063
0.3
0
89.5481
35.8093
0.3
0
91.6655
48.6877
0.3
0
94.7285
23.2897
0.3
0
98.4474
28.383
0.3
0
98.5065
49.0859
1
16
0
18
3.58159
6.50512
0.3
0
18.6092
38.2803
0.3
0
35.8366
1.84869
0.3
0
44.6334
30.3053
0.3
0
57.1262
48.9791
0.3
0
59.9463
13.3708
0.3
0
63.226
23.1982
0.3
0
65.9103
8.53333
0.3
0
72.9731
21.3763
0.3
0
73.1316
11.5895
0.3
0
80.2506
35.7954
0.3
0
81.3058
42.1752
0.3
0
84.0409
11.6185
0.3
0
89.6134
35.91
0.3
0
91.6655
48.6877
0.3
0
94.7454
23.4085
0.3
0
98.4476
28.503
0.3
0
98.4744
49.5848
1
16
0
18
3.58159
6.50512
0.3
0
18.7279
38.2977
0.3
0
35.9317
1.92184
0.3
0
44.6334
30.3053
0.3
0
57.2462
48.9821
0.3
0
60.0333
13.4535
0.3
0
63.3214
23.2709
0.3
0
65.9843
8.62775
0.3
0
73.0528
21.466
0.3
0
73.1976
11.6897
0.3
0
80.3452
35.8692
0.3
0
81.415
42.225
0.3
0
84.083
11.7309
0.3
0
89.6771
36.0117
0.3
0
91.6655
48.6877
0.3
0
94.7619
23.5273
0.3
0
98.4475
28.623
0.3
0
98.4422
50
1
16
0
18
3.58159
6.50512
0.3
0
18.8467
38.3152
0.3
0
36.0268
1.99512
0.3
0
44.6334
30.3053
0.3
0
57.3661
48.9851
0.3
0
60.12
13.5364
0.3
0
63.4168
23.3438
0.3
0
66.0582
8.72233
0.3
0
73.1323
21.5559
0.3
0
73.2634
11.7901
0.3
0
80.4395
35.9435
0.3
0
81.524
42.2753
0.3
0
84.1248
11.8434
0.3
0
89.74
36.1139
0.3
0
91.6655
48.6877
0.3
0
94.7777
23.6463
0.3
0
98.4466
28.743
0.3
0
98.2862
50
1
16
0
18
3.58159
6.50512
0.3
0
18.9654
38.3327
0.3
0
36.1216
2.06864
0.3
0
44.6334
30.3053
0.3
0
57.4861
48.988
0.3
0
60.2064
13.6197
0.3
0
63.5118
23.4171
0.3
0
66.1315
8.8173
0.3
0
73.2112
21.6463
0.3
0
73.3285
11.8909
0.3
0
80.5331
36.0186
0.3
0
81.6326
42.3263
0.3
0
84.1656
11.9562
0.3
0
89.801
36.2172
0.3
0
91.6655
48.6877
0.3
0
94.792
23.7654
0.3
0
98.4437
28.863
0.3
0
97.931
49.9814
1
16
0
18
3.58159
6.50512
0.3
0
19.0841
38.3502
0.3
0
36.2162
2.14249
0.3
0
44.6334
30.3053
0.3
0
57.606
48.9909
0.3
0
60.2923
13.7035
0.3
0
63.6063
23.491
0.3
0
66.2042
8.91278
0.3
0
73.2893
21.7375
0.3
0
73.3927
11.9923
0.3
0
80.6257
36.0949
0.3
0
81.7407
42.3784
0.3
0
84.2052
12.0695
0.3
0
89.8593
36.3221
0.3
0
91.7828
48.7132
0.3
0
94.8041
23.8848
0.3
0
98.438
28.9828
0.3
0
97.4326
49.9414
1
16
0
18
3.58159
6.50512
0.3
0
19.2028
38.3678
0.3
0
36.3105
2.21668
0.3
0
44.6334
30.3053
0.3
0
57.726
48.9937
0.3
0
60.3777
13.7878
0.3
0
63.7004
23.5655
0.3
0
66.2762
9.0088
0.3
0
73.3664
21.8294
0.3
0
73.456
12.0942
0.3
0
80.7173
36.1724
0.3
0
81.8482
42.4316
0.3
0
84.2435
12.1832
0.3
0
89.9148
36.4285
0.3
0
91.8997
48.7402
0.3
0
94.8139
24.0044
0.3
0
98.4293
29.1025
0.3
0
96.9342
49.9013
1
16
0
18
3.58159
6.50512
0.3
0
19.3215
38.3855
0.3
0
36.4046
2.2912
0.3
0
44.6334
30.3053
0.3
0
57.846
48.9964
0.3
0
60.4625
13.8727
0.3
0
63.7939
23.6407
0.3
0
66.3475
9.10534
0.3
0
73.4427
21.922
0.3
0
73.5184
12.1967
0.3
0
80.8078
36.2512
0.3
0
81.9552
42.4861
0.3
0
84.2804
12.2974
0.3
0
89.9672
36.5364
0.3
0
92.0162
48.7689
0.3
0
94.8214
24.1242
0.3
0
98.4179
29.222
0.3
0
96.4358
49.8612
1
16
0
19
3.58159
6.50512
0.3
0
19.4402
38.4032
0.3
0
36.4983
2.36608
0.3
0
44.6334
30.3053
0.3
0
57.966
48.999
0.3
0
60.5468
13.9581
0.3
0
63.887
23.7165
0.3
0
66.418
9.20241
0.3
0
73.518
22.0154
0.3
0
73.5798
12.2998
0.3
0
80.8971
36.3314
0.3
0
82.0614
42.5418
0.3
0
84.316
12.412
0.3
0
90.0164
36.6459
0.3
0
92.1321
48.8
0.3
0
94.8266
24.2441
0.3
0
98.4035
29.3411
0.3
0
24.835
4.15781
0.3
0
95.9374
49.8211
1
16
0
19
3.58159
6.50512
0.3
0
19.5588
38.421
0.3
0
24.835
4.15781
0.3
0
36.5918
2.44129
0.3
0
44.6334
30.3053
0.3
0
58.0859
49.0015
0.3
0
60.6306
14.0441
0.3
0
63.9795
23.7929
0.3
0
66.4878
9.30002
0.3
0
73.5923
22.1096
0.3
0
73.6402
12.4035
0.3
0
80.9852
36.4128
0.3
0
82.167
42.5989
0.3
0
84.3502
12.527
0.3
0
90.0622
36.7568
0.3
0
92.2471
48.8342
0.3
0
94.8295
24.364
0.3
0
98.3863
29.4599
0.3
0
95.439
49.781
1
16
0
20
3.58159
6.50512
0.3
0
19.6775
38.4388
0.3
0
24.835
4.15781
0.3
0
36.6851
2.51686
0.3
0
44.6334
30.3053
0.3
0
58.2059
49.0039
0.3
0
60.7137
14.1306
0.3
0
64.0714
23.87
0.3
0
66.5569
9.39816
0.3
0
73.6657
22.2046
0.3
0
73.6997
12.5077
0.3
0
81.072
36.4957
0.3
0
82.2717
42.6575
0.3
0
84.3831
12.6424
0.3
0
90.1044
36.8691
0.3
0
92.3609
48.8725
0.3
0
94.83
24.484
0.3
0
98.3662
29.5782
0.3
0
69.415
46.9771
0.3
0
94.9406
49.741
1
16
0
20
3.58159
6.50512
0.3
0
19.7962
38.4567
0.3
0
24.835
4.15781
0.3
0
36.778
2.59278
0.3
0
44.6334
30.3053
0.3
0
58.3259
49.0062
0.3
0
60.7963
14.2177
0.3
0
64.1628
23.9477
0.3
0
66.6252
9.49684
0.3
0
69.415
46.9771
0.3
0
73.738
22.3003
0.3
0
73.7582
12.6125
0.3
0
81.1574
36.58
0.3
0
82.3756
42.7176
0.3
0
84.4145
12.7582
0.3
0
90.1428
36.9828
0.3
0
92.4724
48.9168
0.3
0
94.8281
24.604
0.3
0
98.3432
29.696
0.3
0
94.4422
49.7009
1
16
0
20
3.58159
6.50512
0.3
0
19.9148
38.4746
0.3
0
24.835
4.15781
0.3
0
36.8706
2.66905
0.3
0
44.6334
30.3053
0.3
0
58.4459
49.0084
0.3
0
60.8782
14.3053
0.3
0
64.2537
24.0261
0.3
0
66.6926
9.59607
0.3
0
69.415
46.9771
0.3
0
73.8093
22.3969
0.3
0
73.8156
12.7179
0.3
0
81.2413
36.6659
0.3
0
82.4785
42.7794
0.3
0
84.4445
12.8744
0.3
0
90.1773
37.0978
0.3
0
92.5794
48.971
0.3
0
94.8239
24.7239
0.3
0
98.3174
29.8132
0.3
0
93.9438
49.6608
1
16
0
21
3.58159
6.50512
0.3
0
20.0335
38.4926
0.3
0
24.835
4.15781
0.3
0
36.963
2.74569
0.3
0
44.6334
30.3053
0.3
0
58.5658
49.0105
0.3
0
60.9596
14.3935
0.3
0
64.3439
24.1052
0.3
0
66.7593
9.69583
0.3
0
69.415
46.9771
0.3
0
73.8719
12.8238
0.3
0
73.8795
22.4942
0.3
0
81.3235
36.7532
0.3
0
82.5803
42.8429
0.3
0
84.4731
12.991
0.3
0
90.2076
37.2139
0.3
0
92.6754
49.043
0.3
0
94.8173
24.8438
0.3
0
98.2887
29.9297
0.3
0
67.6379
1.98523
0.3
0
93.4454
49.6207
1
16
